   8.2592574e-01   1.2105713e+03
   8.7577839e-01   8.7864942e+02
   9.2864014e-01   7.8261683e+02
   9.8469260e-01   7.3424293e+02
   1.0441284e+00   6.9854897e+02
   1.1071517e+00   6.4221292e+02
   1.1739790e+00   6.0349717e+02
   1.2448401e+00   5.5141279e+02
   1.3199783e+00   5.4421138e+02
   1.3996518e+00   5.3124904e+02
   1.4841344e+00   4.4868628e+02
   1.5737164e+00   3.8362448e+02
   1.6687055e+00   3.7939034e+02
   1.7694281e+00   3.9154264e+02
   1.8762303e+00   3.2230611e+02
   1.9894790e+00   3.0066860e+02
   2.1095634e+00   3.1857779e+02
   2.2368961e+00   3.1280311e+02
   2.3719145e+00   2.9422772e+02
   2.5150826e+00   3.0887844e+02
   2.6668923e+00   3.0258854e+02
   2.8278652e+00   2.9102958e+02
   2.9985544e+00   2.5910746e+02
   3.1795463e+00   2.5087627e+02
   3.3714628e+00   2.4041936e+02
   3.5749634e+00   2.5684065e+02
   3.7907472e+00   2.5242101e+02
   4.0195557e+00   2.3675251e+02
   4.2621749e+00   1.8139223e+02
   4.5194386e+00   1.9200565e+02
   4.7922307e+00   1.9897205e+02
   5.0814884e+00   2.0031959e+02
   5.3882057e+00   2.0767977e+02
   5.7134363e+00   2.1412959e+02
   6.0582977e+00   2.2845776e+02
   6.4239749e+00   2.2439604e+02
   6.8117243e+00   1.8778309e+02
   7.2228781e+00   2.2545298e+02
   7.6588490e+00   2.0878166e+02
   8.1211351e+00   1.4720755e+02
   8.6113245e+00   1.4801933e+02
   9.1311017e+00   1.7885975e+02
   9.6822525e+00   1.7169903e+02
   1.0266671e+01   1.7574581e+02
   1.0886364e+01   1.8417550e+02
   1.1543462e+01   1.9610253e+02
   1.2240222e+01   1.8416315e+02
   1.2979039e+01   1.3989769e+02
   1.3762450e+01   1.3359422e+02
   1.4593147e+01   1.3945505e+02
   1.5473986e+01   1.4337738e+02
   1.6407991e+01   1.4820057e+02
   1.7398373e+01   1.3217460e+02
   1.8448534e+01   1.4314829e+02
   1.9562083e+01   1.2795776e+02
   2.0742845e+01   1.2879537e+02
   2.1994877e+01   1.2544211e+02
   2.3322482e+01   1.2764099e+02
   2.4730220e+01   1.4251459e+02
   2.6222930e+01   1.1889219e+02
