   8.2592574e-01   1.2105713e+03
   8.7577839e-01   8.6890289e+02
   9.2864014e-01   7.8494325e+02
   9.8469260e-01   7.3262005e+02
   1.0441284e+00   7.0045907e+02
   1.1071517e+00   6.3928786e+02
   1.1739790e+00   6.0705553e+02
   1.2448401e+00   5.4234885e+02
   1.3199783e+00   5.4607180e+02
   1.3996518e+00   5.4297061e+02
   1.4841344e+00   4.4361027e+02
   1.5737164e+00   3.7639565e+02
   1.6687055e+00   3.7380482e+02
   1.7694281e+00   4.0467315e+02
   1.8762303e+00   3.1841689e+02
   1.9894790e+00   2.9373955e+02
   2.1095634e+00   3.2121639e+02
   2.2368961e+00   3.1419452e+02
   2.3719145e+00   2.9277303e+02
   2.5150826e+00   3.0907544e+02
   2.6668923e+00   3.0258938e+02
   2.8278652e+00   2.9148565e+02
   2.9985544e+00   2.5778536e+02
   3.1795463e+00   2.5083581e+02
   3.3714628e+00   2.3861601e+02
   3.5749634e+00   2.5839765e+02
   3.7907472e+00   2.5438406e+02
   4.0195557e+00   2.4286590e+02
   4.2621749e+00   1.6824258e+02
   4.5194386e+00   1.9627824e+02
   4.7922307e+00   1.9875475e+02
   5.0814884e+00   1.9996492e+02
   5.3882057e+00   2.0741382e+02
   5.7134363e+00   2.1379940e+02
   6.0582977e+00   2.2855584e+02
   6.4239749e+00   2.2968557e+02
   6.8117243e+00   1.8193136e+02
   7.2228781e+00   2.2643050e+02
   7.6588490e+00   2.1130947e+02
   8.1211351e+00   1.4679454e+02
   8.6113245e+00   1.4800845e+02
   9.1311017e+00   1.8043956e+02
   9.6822525e+00   1.7027567e+02
   1.0266671e+01   1.7597423e+02
   1.0886364e+01   1.8320412e+02
   1.1543462e+01   1.9974167e+02
   1.2240222e+01   1.8808552e+02
   1.2979039e+01   1.3261518e+02
   1.3762450e+01   1.3344614e+02
   1.4593147e+01   1.4027640e+02
   1.5473986e+01   1.4189761e+02
   1.6407991e+01   1.5265894e+02
   1.7398373e+01   1.2780085e+02
   1.8448534e+01   1.4542745e+02
   1.9562083e+01   1.2808142e+02
   2.0742845e+01   1.2755399e+02
   2.1994877e+01   1.2622107e+02
   2.3322482e+01   1.2634244e+02
   2.4730220e+01   1.4351915e+02
   2.6222930e+01   1.1889219e+02
