   8.2592574e-01   3.4904798e+02
   8.7577839e-01   4.5197218e+02
   9.2864014e-01   5.3307282e+02
   9.8469260e-01   5.9198647e+02
   1.0441284e+00   6.2929995e+02
   1.1071517e+00   6.4689273e+02
   1.1739790e+00   6.4836688e+02
   1.2448401e+00   6.3958440e+02
   1.3199783e+00   6.2791666e+02
   1.3996518e+00   5.6482432e+02
   1.4841344e+00   4.8713402e+02
   1.5737164e+00   4.5693490e+02
   1.6687055e+00   4.2818121e+02
   1.7694281e+00   4.0632437e+02
   1.8762303e+00   3.6777434e+02
   1.9894790e+00   3.3975238e+02
   2.1095634e+00   3.2942241e+02
   2.2368961e+00   3.2089763e+02
   2.3719145e+00   3.1264946e+02
   2.5150826e+00   3.0467396e+02
   2.6668923e+00   3.0300590e+02
   2.8278652e+00   3.0312880e+02
   2.9985544e+00   3.0521053e+02
   3.1795463e+00   3.0217254e+02
   3.3714628e+00   2.9745841e+02
   3.5749634e+00   2.9033441e+02
   3.7907472e+00   2.8028955e+02
   4.0195557e+00   2.7813814e+02
   4.2621749e+00   2.7449812e+02
   4.5194386e+00   2.5768780e+02
   4.7922307e+00   2.3894669e+02
   5.0814884e+00   2.2021215e+02
   5.3882057e+00   2.1906989e+02
   5.7134363e+00   2.1727306e+02
   6.0582977e+00   2.0371900e+02
   6.4239749e+00   2.0298126e+02
   6.8117243e+00   2.0724397e+02
   7.2228781e+00   1.9615824e+02
   7.6588490e+00   2.0307752e+02
   8.1211351e+00   1.9529433e+02
   8.6113245e+00   1.9354939e+02
   9.1311017e+00   1.8676812e+02
   9.6822525e+00   1.8984917e+02
   1.0266671e+01   1.8772316e+02
   1.0886364e+01   1.8488674e+02
   1.1543462e+01   1.9525339e+02
   1.2240222e+01   2.3800876e+02
   1.2979039e+01   3.3899855e+02
   1.3762450e+01   5.3243280e+02
   1.4593147e+01   8.6297373e+02
   1.5473986e+01   1.3882883e+03
   1.6407991e+01   2.1821624e+03
   1.7398373e+01   3.3382944e+03
   1.8448534e+01   4.9749082e+03
   1.9562083e+01   7.2403551e+03
   2.0742845e+01   1.0319908e+04
   2.1994877e+01   1.4443990e+04
   2.3322482e+01   1.9898133e+04
   2.4730220e+01   2.7035013e+04
   2.6222930e+01   3.6288986e+04
