   8.2592574e-01   0.0000000e+00
   8.7577839e-01   0.0000000e+00
   9.2864014e-01   0.0000000e+00
   9.8469260e-01   0.0000000e+00
   1.0441284e+00   0.0000000e+00
   1.1071517e+00   0.0000000e+00
   1.1739790e+00   6.4748747e+02
   1.2448401e+00   6.3957501e+02
   1.3199783e+00   6.2177801e+02
   1.3996518e+00   5.6368627e+02
   1.4841344e+00   4.9377242e+02
   1.5737164e+00   4.5680668e+02
   1.6687055e+00   4.2947705e+02
   1.7694281e+00   4.0459015e+02
   1.8762303e+00   3.6854167e+02
   1.9894790e+00   3.4163813e+02
   2.1095634e+00   3.2966613e+02
   2.2368961e+00   3.2092904e+02
   2.3719145e+00   3.1264129e+02
   2.5150826e+00   3.0476912e+02
   2.6668923e+00   3.0301044e+02
   2.8278652e+00   3.0316106e+02
   2.9985544e+00   3.0492122e+02
   3.1795463e+00   3.0215491e+02
   3.3714628e+00   2.9722830e+02
   3.5749634e+00   2.9019025e+02
   3.7907472e+00   2.8122486e+02
   4.0195557e+00   2.7788056e+02
   4.2621749e+00   2.7297146e+02
   4.5194386e+00   2.5766217e+02
   4.7922307e+00   2.3902025e+02
   5.0814884e+00   2.2222489e+02
   5.3882057e+00   2.1946740e+02
   5.7134363e+00   2.1562493e+02
   6.0582977e+00   2.0492685e+02
   6.4239749e+00   2.0373233e+02
   6.8117243e+00   2.0605888e+02
   7.2228781e+00   1.9696701e+02
   7.6588490e+00   2.0280332e+02
   8.1211351e+00   1.9530593e+02
   8.6113245e+00   1.9344563e+02
   9.1311017e+00   1.8718791e+02
   9.6822525e+00   1.8938845e+02
   1.0266671e+01   1.8783605e+02
   1.0886364e+01   0.0000000e+00
   1.1543462e+01   0.0000000e+00
   1.2240222e+01   0.0000000e+00
   1.2979039e+01   0.0000000e+00
   1.3762450e+01   0.0000000e+00
   1.4593147e+01   0.0000000e+00
   1.5473986e+01   0.0000000e+00
   1.6407991e+01   0.0000000e+00
   1.7398373e+01   0.0000000e+00
   1.8448534e+01   0.0000000e+00
   1.9562083e+01   0.0000000e+00
   2.0742845e+01   0.0000000e+00
   2.1994877e+01   0.0000000e+00
   2.3322482e+01   0.0000000e+00
   2.4730220e+01   0.0000000e+00
   2.6222930e+01   0.0000000e+00
