   8.2592574e-01   0.0000000e+00
   8.7577839e-01   0.0000000e+00
   9.2864014e-01   7.8187307e+02
   9.8469260e-01   7.5175393e+02
   1.0441284e+00   7.1741307e+02
   1.1071517e+00   6.7460664e+02
   1.1739790e+00   6.2614764e+02
   1.2448401e+00   5.8197727e+02
   1.3199783e+00   5.4440433e+02
   1.3996518e+00   5.0852985e+02
   1.4841344e+00   4.7010444e+02
   1.5737164e+00   4.2956876e+02
   1.6687055e+00   3.9281731e+02
   1.7694281e+00   3.6382520e+02
   1.8762303e+00   3.4240020e+02
   1.9894790e+00   3.2663916e+02
   2.1095634e+00   3.1571172e+02
   2.2368961e+00   3.0715246e+02
   2.3719145e+00   2.9991074e+02
   2.5150826e+00   2.9350136e+02
   2.6668923e+00   2.8744198e+02
   2.8278652e+00   2.8127449e+02
   2.9985544e+00   2.7513859e+02
   3.1795463e+00   2.6884335e+02
   3.3714628e+00   2.6240588e+02
   3.5749634e+00   2.5603450e+02
   3.7907472e+00   2.4992309e+02
   4.0195557e+00   2.4399205e+02
   4.2621749e+00   2.3796243e+02
   4.5194386e+00   2.3157292e+02
   4.7922307e+00   2.2418715e+02
   5.0814884e+00   2.1625641e+02
   5.3882057e+00   2.0908635e+02
   5.7134363e+00   2.0255592e+02
   6.0582977e+00   1.9659022e+02
   6.4239749e+00   1.9139800e+02
   6.8117243e+00   1.8672088e+02
   7.2228781e+00   1.8237172e+02
   7.6588490e+00   1.7776937e+02
   8.1211351e+00   1.7336900e+02
   8.6113245e+00   1.6944934e+02
   9.1311017e+00   1.6502118e+02
   9.6822525e+00   1.6010570e+02
   1.0266671e+01   1.5429573e+02
   1.0886364e+01   1.4758027e+02
   1.1543462e+01   1.4050993e+02
   1.2240222e+01   1.3459333e+02
   1.2979039e+01   1.2979365e+02
   1.3762450e+01   1.2622133e+02
   1.4593147e+01   1.2344365e+02
   1.5473986e+01   1.2066106e+02
   1.6407991e+01   1.1799543e+02
   1.7398373e+01   1.1550385e+02
   1.8448534e+01   1.1333618e+02
   1.9562083e+01   1.1139722e+02
   2.0742845e+01   1.0968082e+02
   2.1994877e+01   1.0808979e+02
   2.3322482e+01   1.0661282e+02
   2.4730220e+01   1.0524641e+02
   2.6222930e+01   0.0000000e+00
