   8.2592574e-01   8.4678023e+02
   8.7577839e-01   8.1232376e+02
   9.2864014e-01   7.8181451e+02
   9.8469260e-01   7.5195131e+02
   1.0441284e+00   7.1797516e+02
   1.1071517e+00   6.7482681e+02
   1.1739790e+00   6.2522352e+02
   1.2448401e+00   5.8097398e+02
   1.3199783e+00   5.4405159e+02
   1.3996518e+00   5.0866296e+02
   1.4841344e+00   4.7021329e+02
   1.5737164e+00   4.2885942e+02
   1.6687055e+00   3.9168424e+02
   1.7694281e+00   3.6286047e+02
   1.8762303e+00   3.4176850e+02
   1.9894790e+00   3.2614946e+02
   2.1095634e+00   3.1547488e+02
   2.2368961e+00   3.0706532e+02
   2.3719145e+00   2.9986063e+02
   2.5150826e+00   2.9348870e+02
   2.6668923e+00   2.8744062e+02
   2.8278652e+00   2.8126205e+02
   2.9985544e+00   2.7513235e+02
   3.1795463e+00   2.6882788e+02
   3.3714628e+00   2.6236733e+02
   3.5749634e+00   2.5597497e+02
   3.7907472e+00   2.4986780e+02
   4.0195557e+00   2.4397458e+02
   4.2621749e+00   2.3794711e+02
   4.5194386e+00   2.3166339e+02
   4.7922307e+00   2.2423542e+02
   5.0814884e+00   2.1607409e+02
   5.3882057e+00   2.0898045e+02
   5.7134363e+00   2.0247238e+02
   6.0582977e+00   1.9648410e+02
   6.4239749e+00   1.9133068e+02
   6.8117243e+00   1.8667668e+02
   7.2228781e+00   1.8237075e+02
   7.6588490e+00   1.7776289e+02
   8.1211351e+00   1.7336170e+02
   8.6113245e+00   1.6945627e+02
   9.1311017e+00   1.6502743e+02
   9.6822525e+00   1.6014093e+02
   1.0266671e+01   1.5433969e+02
   1.0886364e+01   1.4756441e+02
   1.1543462e+01   1.4033033e+02
   1.2240222e+01   1.3446717e+02
   1.2979039e+01   1.2961633e+02
   1.3762450e+01   1.2610671e+02
   1.4593147e+01   1.2345642e+02
   1.5473986e+01   1.2062028e+02
   1.6407991e+01   1.1796370e+02
   1.7398373e+01   1.1545371e+02
   1.8448534e+01   1.1329886e+02
   1.9562083e+01   1.1137105e+02
   2.0742845e+01   1.0966145e+02
   2.1994877e+01   1.0807916e+02
   2.3322482e+01   1.0660442e+02
   2.4730220e+01   1.0524188e+02
   2.6222930e+01   1.0403082e+02
