   8.2592574e-01   3.0429142e+02
   8.7577839e-01   4.9298469e+02
   9.2864014e-01   6.2474303e+02
   9.8469260e-01   7.0094419e+02
   1.0441284e+00   7.2620665e+02
   1.1071517e+00   7.0946978e+02
   1.1739790e+00   6.6534373e+02
   1.2448401e+00   6.1549979e+02
   1.3199783e+00   5.7282556e+02
   1.3996518e+00   5.3141345e+02
   1.4841344e+00   4.9000238e+02
   1.5737164e+00   4.5123578e+02
   1.6687055e+00   4.1669718e+02
   1.7694281e+00   3.8712770e+02
   1.8762303e+00   3.6314314e+02
   1.9894790e+00   3.4584921e+02
   2.1095634e+00   3.3353027e+02
   2.2368961e+00   3.2218912e+02
   2.3719145e+00   3.1145079e+02
   2.5150826e+00   3.0089779e+02
   2.6668923e+00   2.9113336e+02
   2.8278652e+00   2.8272375e+02
   2.9985544e+00   2.7513513e+02
   3.1795463e+00   2.6772503e+02
   3.3714628e+00   2.6148639e+02
   3.5749634e+00   2.5625376e+02
   3.7907472e+00   2.5166964e+02
   4.0195557e+00   2.4689434e+02
   4.2621749e+00   2.4184686e+02
   4.5194386e+00   2.3650970e+02
   4.7922307e+00   2.3087793e+02
   5.0814884e+00   2.2570709e+02
   5.3882057e+00   2.2141046e+02
   5.7134363e+00   2.1763391e+02
   6.0582977e+00   2.1410391e+02
   6.4239749e+00   2.1044437e+02
   6.8117243e+00   2.0665067e+02
   7.2228781e+00   2.0277173e+02
   7.6588490e+00   1.9881408e+02
   8.1211351e+00   1.9463052e+02
   8.6113245e+00   1.9018288e+02
   9.1311017e+00   1.8546320e+02
   9.6822525e+00   1.8037514e+02
   1.0266671e+01   1.7450547e+02
   1.0886364e+01   1.6764759e+02
   1.1543462e+01   1.6048111e+02
   1.2240222e+01   1.5472333e+02
   1.2979039e+01   1.4997593e+02
   1.3762450e+01   1.4563925e+02
   1.4593147e+01   1.4177298e+02
   1.5473986e+01   1.3885416e+02
   1.6407991e+01   1.3660668e+02
   1.7398373e+01   1.3459615e+02
   1.8448534e+01   1.3289594e+02
   1.9562083e+01   1.3174777e+02
   2.0742845e+01   1.3101754e+02
   2.1994877e+01   1.3034671e+02
   2.3322482e+01   1.2913021e+02
   2.4730220e+01   1.2653051e+02
   2.6222930e+01   1.2141684e+02
