   8.2592574e-01   0.0000000e+00
   8.7577839e-01   0.0000000e+00
   9.2864014e-01   0.0000000e+00
   9.8469260e-01   0.0000000e+00
   1.0441284e+00   0.0000000e+00
   1.1071517e+00   7.0751977e+02
   1.1739790e+00   6.6536791e+02
   1.2448401e+00   6.1661862e+02
   1.3199783e+00   5.7316849e+02
   1.3996518e+00   5.3166874e+02
   1.4841344e+00   4.9056774e+02
   1.5737164e+00   4.5196272e+02
   1.6687055e+00   4.1741874e+02
   1.7694281e+00   3.8786395e+02
   1.8762303e+00   3.6387502e+02
   1.9894790e+00   3.4640283e+02
   2.1095634e+00   3.3367062e+02
   2.2368961e+00   3.2225296e+02
   2.3719145e+00   3.1148197e+02
   2.5150826e+00   3.0091427e+02
   2.6668923e+00   2.9114752e+02
   2.8278652e+00   2.8275190e+02
   2.9985544e+00   2.7516632e+02
   3.1795463e+00   2.6783388e+02
   3.3714628e+00   2.6158618e+02
   3.5749634e+00   2.5632863e+02
   3.7907472e+00   2.5166897e+02
   4.0195557e+00   2.4689617e+02
   4.2621749e+00   2.4184854e+02
   4.5194386e+00   2.3650909e+02
   4.7922307e+00   2.3096467e+02
   5.0814884e+00   2.2584190e+02
   5.3882057e+00   2.2149167e+02
   5.7134363e+00   2.1768505e+02
   6.0582977e+00   2.1411273e+02
   6.4239749e+00   2.1044912e+02
   6.8117243e+00   2.0665948e+02
   7.2228781e+00   2.0277973e+02
   7.6588490e+00   1.9881535e+02
   8.1211351e+00   1.9463039e+02
   8.6113245e+00   1.9018291e+02
   9.1311017e+00   1.8545806e+02
   9.6822525e+00   1.8034699e+02
   1.0266671e+01   1.7446069e+02
   1.0886364e+01   1.6767675e+02
   1.1543462e+01   1.6066270e+02
   1.2240222e+01   1.5484968e+02
   1.2979039e+01   1.5004148e+02
   1.3762450e+01   1.4571789e+02
   1.4593147e+01   1.4190792e+02
   1.5473986e+01   1.3894821e+02
   1.6407991e+01   1.3664696e+02
   1.7398373e+01   1.3463433e+02
   1.8448534e+01   1.3295972e+02
   1.9562083e+01   1.3179235e+02
   2.0742845e+01   1.3103241e+02
   2.1994877e+01   1.3032689e+02
   2.3322482e+01   0.0000000e+00
   2.4730220e+01   0.0000000e+00
   2.6222930e+01   0.0000000e+00
