   8.2592574e-01  -4.8790038e+02
   8.7577839e-01  -2.9266270e+02
   9.2864014e-01  -1.1561017e+02
   9.8469260e-01   4.0938983e+01
   1.0441284e+00   1.7485663e+02
   1.1071517e+00   2.8434988e+02
   1.1739790e+00   3.6814942e+02
   1.2448401e+00   4.2575133e+02
   1.3199783e+00   4.5772496e+02
   1.3996518e+00   4.6610211e+02
   1.4841344e+00   4.5486597e+02
   1.5737164e+00   4.3056240e+02
   1.6687055e+00   4.0287718e+02
   1.7694281e+00   3.8106961e+02
   1.8762303e+00   3.5792522e+02
   1.9894790e+00   3.4077940e+02
   2.1095634e+00   3.3034376e+02
   2.2368961e+00   3.2206669e+02
   2.3719145e+00   3.1575435e+02
   2.5150826e+00   3.1086620e+02
   2.6668923e+00   3.0665759e+02
   2.8278652e+00   3.0232262e+02
   2.9985544e+00   2.9753697e+02
   3.1795463e+00   2.9222130e+02
   3.3714628e+00   2.8621231e+02
   3.5749634e+00   2.7948264e+02
   3.7907472e+00   2.7224683e+02
   4.0195557e+00   2.6501686e+02
   4.2621749e+00   2.5791262e+02
   4.5194386e+00   2.5054557e+02
   4.7922307e+00   2.4312496e+02
   5.0814884e+00   2.3590882e+02
   5.3882057e+00   2.2898860e+02
   5.7134363e+00   2.2253230e+02
   6.0582977e+00   2.1662733e+02
   6.4239749e+00   2.1101055e+02
   6.8117243e+00   2.0566748e+02
   7.2228781e+00   2.0052886e+02
   7.6588490e+00   1.9251536e+02
   8.1211351e+00   1.8641000e+02
   8.6113245e+00   1.8101196e+02
   9.1311017e+00   1.7573373e+02
   9.6822525e+00   1.7035148e+02
   1.0266671e+01   1.6534731e+02
   1.0886364e+01   1.6219121e+02
   1.1543462e+01   1.5733430e+02
   1.2240222e+01   1.5026819e+02
   1.2979039e+01   1.4547751e+02
   1.3762450e+01   1.4270493e+02
   1.4593147e+01   1.3989852e+02
   1.5473986e+01   1.3731253e+02
   1.6407991e+01   1.3498726e+02
   1.7398373e+01   1.3371687e+02
   1.8448534e+01   1.3281816e+02
   1.9562083e+01   1.3209636e+02
   2.0742845e+01   1.3159740e+02
   2.1994877e+01   1.3117299e+02
   2.3322482e+01   1.3086344e+02
   2.4730220e+01   1.3055203e+02
   2.6222930e+01   1.3090036e+02
