   8.2592574e-01   0.0000000e+00
   8.7577839e-01   0.0000000e+00
   9.2864014e-01   0.0000000e+00
   9.8469260e-01   0.0000000e+00
   1.0441284e+00   0.0000000e+00
   1.1071517e+00   0.0000000e+00
   1.1739790e+00   0.0000000e+00
   1.2448401e+00   0.0000000e+00
   1.3199783e+00   0.0000000e+00
   1.3996518e+00   0.0000000e+00
   1.4841344e+00   4.5348231e+02
   1.5737164e+00   4.3030411e+02
   1.6687055e+00   4.0373408e+02
   1.7694281e+00   3.8109380e+02
   1.8762303e+00   3.5843049e+02
   1.9894790e+00   3.4155293e+02
   2.1095634e+00   3.3052160e+02
   2.2368961e+00   3.2220469e+02
   2.3719145e+00   3.1582224e+02
   2.5150826e+00   3.1088444e+02
   2.6668923e+00   3.0665706e+02
   2.8278652e+00   3.0231657e+02
   2.9985544e+00   2.9752506e+02
   3.1795463e+00   2.9219700e+02
   3.3714628e+00   2.8618605e+02
   3.5749634e+00   2.7947864e+02
   3.7907472e+00   2.7229587e+02
   4.0195557e+00   2.6507535e+02
   4.2621749e+00   2.5792575e+02
   4.5194386e+00   2.5058854e+02
   4.7922307e+00   2.4319867e+02
   5.0814884e+00   2.3598450e+02
   5.3882057e+00   2.2908070e+02
   5.7134363e+00   2.2262361e+02
   6.0582977e+00   2.1668876e+02
   6.4239749e+00   2.1104966e+02
   6.8117243e+00   2.0573562e+02
   7.2228781e+00   2.0039777e+02
   7.6588490e+00   1.9255476e+02
   8.1211351e+00   1.8642430e+02
   8.6113245e+00   1.8101987e+02
   9.1311017e+00   1.7573610e+02
   9.6822525e+00   1.7040910e+02
   1.0266671e+01   1.6548738e+02
   1.0886364e+01   1.6201088e+02
   1.1543462e+01   1.5718221e+02
   1.2240222e+01   1.5058869e+02
   1.2979039e+01   1.4570864e+02
   1.3762450e+01   1.4270163e+02
   1.4593147e+01   1.3994465e+02
   1.5473986e+01   1.3735181e+02
   1.6407991e+01   1.3511848e+02
   1.7398373e+01   1.3377358e+02
   1.8448534e+01   1.3283063e+02
   1.9562083e+01   1.3212570e+02
   2.0742845e+01   1.3160273e+02
   2.1994877e+01   1.3118303e+02
   2.3322482e+01   1.3086198e+02
   2.4730220e+01   1.3056012e+02
   2.6222930e+01   0.0000000e+00
