   8.2592574e-01  -3.2331287e+03
   8.7577839e-01  -2.8317198e+03
   9.2864014e-01  -2.4395625e+03
   9.8469260e-01  -2.0598239e+03
   1.0441284e+00  -1.6958879e+03
   1.1071517e+00  -1.3513137e+03
   1.1739790e+00  -1.0297747e+03
   1.2448401e+00  -7.3497069e+02
   1.3199783e+00  -4.7050831e+02
   1.3996518e+00  -2.3973956e+02
   1.4841344e+00  -4.5549486e+01
   1.5737164e+00   1.0992033e+02
   1.6687055e+00   2.2562745e+02
   1.7694281e+00   3.0208228e+02
   1.8762303e+00   3.4192238e+02
   1.9894790e+00   3.5063494e+02
   2.1095634e+00   3.3746090e+02
   2.2368961e+00   3.1652104e+02
   2.3719145e+00   3.0169725e+02
   2.5150826e+00   2.8221137e+02
   2.6668923e+00   2.7911972e+02
   2.8278652e+00   2.7829365e+02
   2.9985544e+00   2.6275098e+02
   3.1795463e+00   2.6391139e+02
   3.3714628e+00   2.3994591e+02
   3.5749634e+00   2.4595650e+02
   3.7907472e+00   2.3871568e+02
   4.0195557e+00   2.3652060e+02
   4.2621749e+00   2.3226712e+02
   4.5194386e+00   2.2309692e+02
   4.7922307e+00   2.1786225e+02
   5.0814884e+00   2.1041909e+02
   5.3882057e+00   1.9969899e+02
   5.7134363e+00   1.9925736e+02
   6.0582977e+00   1.9875358e+02
   6.4239749e+00   1.9299234e+02
   6.8117243e+00   1.8686295e+02
   7.2228781e+00   1.8224956e+02
   7.6588490e+00   1.8146477e+02
   8.1211351e+00   1.7363588e+02
   8.6113245e+00   1.6992770e+02
   9.1311017e+00   1.6229931e+02
   9.6822525e+00   1.5700519e+02
   1.0266671e+01   1.4893445e+02
   1.0886364e+01   1.4288905e+02
   1.1543462e+01   1.3773211e+02
   1.2240222e+01   1.3272197e+02
   1.2979039e+01   1.2873682e+02
   1.3762450e+01   1.2548875e+02
   1.4593147e+01   1.2269305e+02
   1.5473986e+01   1.1952259e+02
   1.6407991e+01   1.1699941e+02
   1.7398373e+01   1.1492876e+02
   1.8448534e+01   1.1229695e+02
   1.9562083e+01   1.1003178e+02
   2.0742845e+01   1.0933210e+02
   2.1994877e+01   1.0550611e+02
   2.3322482e+01   1.0498131e+02
   2.4730220e+01   1.0328965e+02
   2.6222930e+01   1.0220000e+02
