   8.2592574e-01   0.0000000e+00
   8.7577839e-01   0.0000000e+00
   9.2864014e-01   0.0000000e+00
   9.8469260e-01   0.0000000e+00
   1.0441284e+00   0.0000000e+00
   1.1071517e+00   0.0000000e+00
   1.1739790e+00   0.0000000e+00
   1.2448401e+00   0.0000000e+00
   1.3199783e+00   0.0000000e+00
   1.3996518e+00   0.0000000e+00
   1.4841344e+00   0.0000000e+00
   1.5737164e+00   0.0000000e+00
   1.6687055e+00   0.0000000e+00
   1.7694281e+00   0.0000000e+00
   1.8762303e+00   0.0000000e+00
   1.9894790e+00   0.0000000e+00
   2.1095634e+00   3.3674355e+02
   2.2368961e+00   3.1694704e+02
   2.3719145e+00   3.0153627e+02
   2.5150826e+00   2.8240212e+02
   2.6668923e+00   2.7905154e+02
   2.8278652e+00   2.7808109e+02
   2.9985544e+00   2.6337874e+02
   3.1795463e+00   2.6244635e+02
   3.3714628e+00   2.4261361e+02
   3.5749634e+00   2.4432095e+02
   3.7907472e+00   2.3948723e+02
   4.0195557e+00   2.3623166e+02
   4.2621749e+00   2.3170923e+02
   4.5194386e+00   2.2367386e+02
   4.7922307e+00   2.1771332e+02
   5.0814884e+00   2.0986894e+02
   5.3882057e+00   2.0099897e+02
   5.7134363e+00   1.9934906e+02
   6.0582977e+00   1.9824428e+02
   6.4239749e+00   1.9292831e+02
   6.8117243e+00   1.8695210e+02
   7.2228781e+00   1.8251623e+02
   7.6588490e+00   1.8126572e+02
   8.1211351e+00   1.7366102e+02
   8.6113245e+00   1.6985098e+02
   9.1311017e+00   1.6242862e+02
   9.6822525e+00   1.5684271e+02
   1.0266671e+01   1.4916598e+02
   1.0886364e+01   1.4295112e+02
   1.1543462e+01   1.3777674e+02
   1.2240222e+01   1.3285802e+02
   1.2979039e+01   1.2883806e+02
   1.3762450e+01   1.2555928e+02
   1.4593147e+01   1.2265818e+02
   1.5473986e+01   1.1961812e+02
   1.6407991e+01   1.1707700e+02
   1.7398373e+01   1.1487802e+02
   1.8448534e+01   1.1231930e+02
   1.9562083e+01   1.1022358e+02
   2.0742845e+01   1.0909743e+02
   2.1994877e+01   1.0565914e+02
   2.3322482e+01   1.0499947e+02
   2.4730220e+01   1.0325435e+02
   2.6222930e+01   0.0000000e+00
