   8.2592574e-01   4.7707767e+02
   8.7577839e-01   5.1730074e+02
   9.2864014e-01   5.4429303e+02
   9.8469260e-01   5.5828394e+02
   1.0441284e+00   5.6021649e+02
   1.1071517e+00   5.5198741e+02
   1.1739790e+00   5.3674728e+02
   1.2448401e+00   5.1919076e+02
   1.3199783e+00   5.0084423e+02
   1.3996518e+00   4.7689587e+02
   1.4841344e+00   4.4846826e+02
   1.5737164e+00   4.2044880e+02
   1.6687055e+00   3.9441296e+02
   1.7694281e+00   3.6807211e+02
   1.8762303e+00   3.4463025e+02
   1.9894790e+00   3.2863864e+02
   2.1095634e+00   3.1726298e+02
   2.2368961e+00   3.0996212e+02
   2.3719145e+00   3.0330833e+02
   2.5150826e+00   2.9952606e+02
   2.6668923e+00   2.9574913e+02
   2.8278652e+00   2.9144369e+02
   2.9985544e+00   2.8711080e+02
   3.1795463e+00   2.8225382e+02
   3.3714628e+00   2.7662086e+02
   3.5749634e+00   2.7040086e+02
   3.7907472e+00   2.6384488e+02
   4.0195557e+00   2.5700292e+02
   4.2621749e+00   2.4990252e+02
   4.5194386e+00   2.4280032e+02
   4.7922307e+00   2.3567192e+02
   5.0814884e+00   2.2855496e+02
   5.3882057e+00   2.2206769e+02
   5.7134363e+00   2.1596823e+02
   6.0582977e+00   2.1020017e+02
   6.4239749e+00   2.0467872e+02
   6.8117243e+00   2.0117424e+02
   7.2228781e+00   2.0364201e+02
   7.6588490e+00   2.1744866e+02
   8.1211351e+00   2.4972182e+02
   8.6113245e+00   3.0979169e+02
   9.1311017e+00   4.0973110e+02
   9.6822525e+00   5.6501461e+02
   1.0266671e+01   7.9532161e+02
   1.0886364e+01   1.1255132e+03
   1.1543462e+01   1.5868189e+03
   1.2240222e+01   2.2182759e+03
   1.2979039e+01   3.0684729e+03
   1.3762450e+01   4.1976610e+03
   1.4593147e+01   5.6803048e+03
   1.5473986e+01   7.6081641e+03
   1.6407991e+01   1.0094014e+04
   1.7398373e+01   1.3276126e+04
   1.8448534e+01   1.7323676e+04
   1.9562083e+01   2.2443247e+04
   2.0742845e+01   2.8886657e+04
   2.1994877e+01   3.6960375e+04
   2.3322482e+01   4.7036835e+04
   2.4730220e+01   5.9568030e+04
   2.6222930e+01   7.5101835e+04
