   8.2592574e-01   0.0000000e+00
   8.7577839e-01   0.0000000e+00
   9.2864014e-01   0.0000000e+00
   9.8469260e-01   0.0000000e+00
   1.0441284e+00   0.0000000e+00
   1.1071517e+00   5.5149934e+02
   1.1739790e+00   5.3668723e+02
   1.2448401e+00   5.1922674e+02
   1.3199783e+00   5.0031398e+02
   1.3996518e+00   4.7655601e+02
   1.4841344e+00   4.4872260e+02
   1.5737164e+00   4.2086646e+02
   1.6687055e+00   3.9454188e+02
   1.7694281e+00   3.6842670e+02
   1.8762303e+00   3.4547034e+02
   1.9894790e+00   3.2911937e+02
   2.1095634e+00   3.1760565e+02
   2.2368961e+00   3.1003464e+02
   2.3719145e+00   3.0341105e+02
   2.5150826e+00   2.9954481e+02
   2.6668923e+00   2.9574953e+02
   2.8278652e+00   2.9144985e+02
   2.9985544e+00   2.8709245e+02
   3.1795463e+00   2.8222390e+02
   3.3714628e+00   2.7660664e+02
   3.5749634e+00   2.7040745e+02
   3.7907472e+00   2.6385555e+02
   4.0195557e+00   2.5701876e+02
   4.2621749e+00   2.4995109e+02
   4.5194386e+00   2.4284437e+02
   4.7922307e+00   2.3571543e+02
   5.0814884e+00   2.2867176e+02
   5.3882057e+00   2.2215226e+02
   5.7134363e+00   2.1603384e+02
   6.0582977e+00   2.1024423e+02
   6.4239749e+00   2.0480899e+02
   6.8117243e+00   2.0150027e+02
   7.2228781e+00   0.0000000e+00
   7.6588490e+00   0.0000000e+00
   8.1211351e+00   0.0000000e+00
   8.6113245e+00   0.0000000e+00
   9.1311017e+00   0.0000000e+00
   9.6822525e+00   0.0000000e+00
   1.0266671e+01   0.0000000e+00
   1.0886364e+01   0.0000000e+00
   1.1543462e+01   0.0000000e+00
   1.2240222e+01   0.0000000e+00
   1.2979039e+01   0.0000000e+00
   1.3762450e+01   0.0000000e+00
   1.4593147e+01   0.0000000e+00
   1.5473986e+01   0.0000000e+00
   1.6407991e+01   0.0000000e+00
   1.7398373e+01   0.0000000e+00
   1.8448534e+01   0.0000000e+00
   1.9562083e+01   0.0000000e+00
   2.0742845e+01   0.0000000e+00
   2.1994877e+01   0.0000000e+00
   2.3322482e+01   0.0000000e+00
   2.4730220e+01   0.0000000e+00
   2.6222930e+01   0.0000000e+00
