   8.2592574e-01   1.9777297e+02
   8.7577839e-01   4.1278088e+02
   9.2864014e-01   5.6435270e+02
   9.8469260e-01   6.5398615e+02
   1.0441284e+00   6.8678251e+02
   1.1071517e+00   6.7264904e+02
   1.1739790e+00   6.2780173e+02
   1.2448401e+00   5.7632685e+02
   1.3199783e+00   5.3337202e+02
   1.3996518e+00   4.9399444e+02
   1.4841344e+00   4.5765381e+02
   1.5737164e+00   4.2482893e+02
   1.6687055e+00   3.9578061e+02
   1.7694281e+00   3.7040779e+02
   1.8762303e+00   3.4952789e+02
   1.9894790e+00   3.3257503e+02
   2.1095634e+00   3.1876134e+02
   2.2368961e+00   3.0682225e+02
   2.3719145e+00   2.9604343e+02
   2.5150826e+00   2.8792511e+02
   2.6668923e+00   2.8146300e+02
   2.8278652e+00   2.7245535e+02
   2.9985544e+00   2.6614126e+02
   3.1795463e+00   2.5984907e+02
   3.3714628e+00   2.5406138e+02
   3.5749634e+00   2.4850247e+02
   3.7907472e+00   2.4319779e+02
   4.0195557e+00   2.3820476e+02
   4.2621749e+00   2.3360699e+02
   4.5194386e+00   2.2936410e+02
   4.7922307e+00   2.2561615e+02
   5.0814884e+00   2.2211215e+02
   5.3882057e+00   2.1903249e+02
   5.7134363e+00   2.1365362e+02
   6.0582977e+00   2.0677472e+02
   6.4239749e+00   2.0059140e+02
   6.8117243e+00   1.9461584e+02
   7.2228781e+00   1.8863829e+02
   7.6588490e+00   1.8292127e+02
   8.1211351e+00   1.7774836e+02
   8.6113245e+00   1.7284216e+02
   9.1311017e+00   1.6915711e+02
   9.6822525e+00   1.6569062e+02
   1.0266671e+01   1.6237629e+02
   1.0886364e+01   1.5918818e+02
   1.1543462e+01   1.5611756e+02
   1.2240222e+01   1.5318923e+02
   1.2979039e+01   1.4964233e+02
   1.3762450e+01   1.4550770e+02
   1.4593147e+01   1.4232064e+02
   1.5473986e+01   1.3950541e+02
   1.6407991e+01   1.3705167e+02
   1.7398373e+01   1.3500200e+02
   1.8448534e+01   1.3348249e+02
   1.9562083e+01   1.3264891e+02
   2.0742845e+01   1.3269001e+02
   2.1994877e+01   1.3383398e+02
   2.3322482e+01   1.3635618e+02
   2.4730220e+01   1.4058842e+02
   2.6222930e+01   1.4692993e+02
