   8.2592574e-01   0.0000000e+00
   8.7577839e-01   0.0000000e+00
   9.2864014e-01   0.0000000e+00
   9.8469260e-01   0.0000000e+00
   1.0441284e+00   0.0000000e+00
   1.1071517e+00   6.7043666e+02
   1.1739790e+00   6.2777862e+02
   1.2448401e+00   5.7761208e+02
   1.3199783e+00   5.3396659e+02
   1.3996518e+00   4.9458206e+02
   1.4841344e+00   4.5828197e+02
   1.5737164e+00   4.2545827e+02
   1.6687055e+00   3.9634377e+02
   1.7694281e+00   3.7100470e+02
   1.8762303e+00   3.5001796e+02
   1.9894790e+00   3.3291992e+02
   2.1095634e+00   3.1896542e+02
   2.2368961e+00   3.0691048e+02
   2.3719145e+00   2.9614641e+02
   2.5150826e+00   2.8797769e+02
   2.6668923e+00   2.8144850e+02
   2.8278652e+00   2.7256975e+02
   2.9985544e+00   2.6612550e+02
   3.1795463e+00   2.5991579e+02
   3.3714628e+00   2.5409872e+02
   3.5749634e+00   2.4855461e+02
   3.7907472e+00   2.4325875e+02
   4.0195557e+00   2.3827707e+02
   4.2621749e+00   2.3367351e+02
   4.5194386e+00   2.2944856e+02
   4.7922307e+00   2.2566619e+02
   5.0814884e+00   2.2219585e+02
   5.3882057e+00   2.1882993e+02
   5.7134363e+00   2.1348456e+02
   6.0582977e+00   2.0688381e+02
   6.4239749e+00   2.0064065e+02
   6.8117243e+00   1.9463696e+02
   7.2228781e+00   1.8866200e+02
   7.6588490e+00   1.8294835e+02
   8.1211351e+00   1.7775141e+02
   8.6113245e+00   1.7286487e+02
   9.1311017e+00   1.6916231e+02
   9.6822525e+00   1.6571111e+02
   1.0266671e+01   1.6239711e+02
   1.0886364e+01   1.5921230e+02
   1.1543462e+01   1.5614930e+02
   1.2240222e+01   1.5313016e+02
   1.2979039e+01   1.4960672e+02
   1.3762450e+01   1.4565210e+02
   1.4593147e+01   1.4237767e+02
   1.5473986e+01   1.3956358e+02
   1.6407991e+01   1.3710943e+02
   1.7398373e+01   1.3506695e+02
   1.8448534e+01   0.0000000e+00
   1.9562083e+01   0.0000000e+00
   2.0742845e+01   0.0000000e+00
   2.1994877e+01   0.0000000e+00
   2.3322482e+01   0.0000000e+00
   2.4730220e+01   0.0000000e+00
   2.6222930e+01   0.0000000e+00
