   8.2592574e-01   9.7045001e+02
   8.7577839e-01   9.0579473e+02
   9.2864014e-01   8.4907467e+02
   9.8469260e-01   7.9695438e+02
   1.0441284e+00   7.4452340e+02
   1.1071517e+00   7.0030379e+02
   1.1739790e+00   6.6752582e+02
   1.2448401e+00   6.3674313e+02
   1.3199783e+00   5.8571072e+02
   1.3996518e+00   5.1619740e+02
   1.4841344e+00   4.6478734e+02
   1.5737164e+00   4.2804990e+02
   1.6687055e+00   3.9829433e+02
   1.7694281e+00   3.7437903e+02
   1.8762303e+00   3.5432062e+02
   1.9894790e+00   3.4131588e+02
   2.1095634e+00   3.3476375e+02
   2.2368961e+00   3.2944147e+02
   2.3719145e+00   3.2123847e+02
   2.5150826e+00   3.1298166e+02
   2.6668923e+00   3.0879108e+02
   2.8278652e+00   3.0837356e+02
   2.9985544e+00   3.0720116e+02
   3.1795463e+00   2.9997212e+02
   3.3714628e+00   2.9254907e+02
   3.5749634e+00   2.8299700e+02
   3.7907472e+00   2.7222357e+02
   4.0195557e+00   2.6235340e+02
   4.2621749e+00   2.5339532e+02
   4.5194386e+00   2.4560872e+02
   4.7922307e+00   2.3989116e+02
   5.0814884e+00   2.3535541e+02
   5.3882057e+00   2.2935957e+02
   5.7134363e+00   2.2231101e+02
   6.0582977e+00   2.1482612e+02
   6.4239749e+00   2.0620674e+02
   6.8117243e+00   1.9779446e+02
   7.2228781e+00   1.9071480e+02
   7.6588490e+00   1.8441553e+02
   8.1211351e+00   1.7877373e+02
   8.6113245e+00   1.7408367e+02
   9.1311017e+00   1.6950309e+02
   9.6822525e+00   1.6338550e+02
   1.0266671e+01   1.5713345e+02
   1.0886364e+01   1.5057588e+02
   1.1543462e+01   1.4337543e+02
   1.2240222e+01   1.3780890e+02
   1.2979039e+01   1.3525393e+02
   1.3762450e+01   1.3350132e+02
   1.4593147e+01   1.3111375e+02
   1.5473986e+01   1.2819615e+02
   1.6407991e+01   1.2545243e+02
   1.7398373e+01   1.2288780e+02
   1.8448534e+01   1.2049430e+02
   1.9562083e+01   1.1861107e+02
   2.0742845e+01   1.1695095e+02
   2.1994877e+01   1.1589805e+02
   2.3322482e+01   1.1540886e+02
   2.4730220e+01   0.0000000e+00
   2.6222930e+01   0.0000000e+00
