   8.2592574e-01   9.7045001e+02
   8.7577839e-01   9.0555015e+02
   9.2864014e-01   8.4882781e+02
   9.8469260e-01   7.9686230e+02
   1.0441284e+00   7.4348518e+02
   1.1071517e+00   6.9910812e+02
   1.1739790e+00   6.6694572e+02
   1.2448401e+00   6.3949386e+02
   1.3199783e+00   5.8789943e+02
   1.3996518e+00   5.1238630e+02
   1.4841344e+00   4.6303850e+02
   1.5737164e+00   4.2715037e+02
   1.6687055e+00   3.9747305e+02
   1.7694281e+00   3.7388452e+02
   1.8762303e+00   3.5364641e+02
   1.9894790e+00   3.4056689e+02
   2.1095634e+00   3.3460601e+02
   2.2368961e+00   3.2959426e+02
   2.3719145e+00   3.2127620e+02
   2.5150826e+00   3.1292004e+02
   2.6668923e+00   3.0876606e+02
   2.8278652e+00   3.0845475e+02
   2.9985544e+00   3.0749030e+02
   3.1795463e+00   2.9984454e+02
   3.3714628e+00   2.9277080e+02
   3.5749634e+00   2.8301203e+02
   3.7907472e+00   2.7202359e+02
   4.0195557e+00   2.6221934e+02
   4.2621749e+00   2.5322376e+02
   4.5194386e+00   2.4529058e+02
   4.7922307e+00   2.3967007e+02
   5.0814884e+00   2.3554314e+02
   5.3882057e+00   2.2947501e+02
   5.7134363e+00   2.2224928e+02
   6.0582977e+00   2.1492282e+02
   6.4239749e+00   2.0618185e+02
   6.8117243e+00   1.9766320e+02
   7.2228781e+00   1.9065134e+02
   7.6588490e+00   1.8438996e+02
   8.1211351e+00   1.7876424e+02
   8.6113245e+00   1.7408612e+02
   9.1311017e+00   1.6955292e+02
   9.6822525e+00   1.6334489e+02
   1.0266671e+01   1.5714680e+02
   1.0886364e+01   1.5062192e+02
   1.1543462e+01   1.4312213e+02
   1.2240222e+01   1.3742914e+02
   1.2979039e+01   1.3520341e+02
   1.3762450e+01   1.3358879e+02
   1.4593147e+01   1.3117161e+02
   1.5473986e+01   1.2813279e+02
   1.6407991e+01   1.2541877e+02
   1.7398373e+01   1.2286394e+02
   1.8448534e+01   1.2042519e+02
   1.9562083e+01   1.1858234e+02
   2.0742845e+01   1.1691082e+02
   2.1994877e+01   1.1584757e+02
   2.3322482e+01   1.1540867e+02
   2.4730220e+01   1.1465822e+02
   2.6222930e+01   1.1227468e+02
