   8.2592574e-01   1.3060481e+03
   8.7577839e-01   1.0891299e+03
   9.2864014e-01   9.2444756e+02
   9.8469260e-01   8.0867985e+02
   1.0441284e+00   7.3469362e+02
   1.1071517e+00   6.9032515e+02
   1.1739790e+00   6.5704229e+02
   1.2448401e+00   6.2412844e+02
   1.3199783e+00   5.8428469e+02
   1.3996518e+00   5.3246006e+02
   1.4841344e+00   4.8504894e+02
   1.5737164e+00   4.5153784e+02
   1.6687055e+00   4.3071611e+02
   1.7694281e+00   4.0156247e+02
   1.8762303e+00   3.7208366e+02
   1.9894790e+00   3.4737562e+02
   2.1095634e+00   3.3098668e+02
   2.2368961e+00   3.2135259e+02
   2.3719145e+00   3.1392400e+02
   2.5150826e+00   3.0795351e+02
   2.6668923e+00   3.0354573e+02
   2.8278652e+00   2.9995795e+02
   2.9985544e+00   2.9748499e+02
   3.1795463e+00   2.9509170e+02
   3.3714628e+00   2.9019214e+02
   3.5749634e+00   2.8194958e+02
   3.7907472e+00   2.7122074e+02
   4.0195557e+00   2.6152505e+02
   4.2621749e+00   2.5332337e+02
   4.5194386e+00   2.4626590e+02
   4.7922307e+00   2.3822015e+02
   5.0814884e+00   2.2891120e+02
   5.3882057e+00   2.1899143e+02
   5.7134363e+00   2.0911301e+02
   6.0582977e+00   2.0012134e+02
   6.4239749e+00   1.9201740e+02
   6.8117243e+00   1.8579456e+02
   7.2228781e+00   1.7986226e+02
   7.6588490e+00   1.7385799e+02
   8.1211351e+00   1.6904608e+02
   8.6113245e+00   1.6412966e+02
   9.1311017e+00   1.5922742e+02
   9.6822525e+00   1.5442247e+02
   1.0266671e+01   1.4840216e+02
   1.0886364e+01   1.4289010e+02
   1.1543462e+01   1.3811470e+02
   1.2240222e+01   1.3385012e+02
   1.2979039e+01   1.3009208e+02
   1.3762450e+01   1.2705629e+02
   1.4593147e+01   1.2427468e+02
   1.5473986e+01   1.2166952e+02
   1.6407991e+01   1.1932848e+02
   1.7398373e+01   1.1736307e+02
   1.8448534e+01   1.1562962e+02
   1.9562083e+01   1.1467288e+02
   2.0742845e+01   1.1371743e+02
   2.1994877e+01   1.1221211e+02
   2.3322482e+01   1.1088568e+02
   2.4730220e+01   1.1084756e+02
   2.6222930e+01   1.1359445e+02
