   8.2592574e-01   0.0000000e+00
   8.7577839e-01   0.0000000e+00
   9.2864014e-01   0.0000000e+00
   9.8469260e-01   0.0000000e+00
   1.0441284e+00   0.0000000e+00
   1.1071517e+00   0.0000000e+00
   1.1739790e+00   0.0000000e+00
   1.2448401e+00   0.0000000e+00
   1.3199783e+00   0.0000000e+00
   1.3996518e+00   0.0000000e+00
   1.4841344e+00   0.0000000e+00
   1.5737164e+00   0.0000000e+00
   1.6687055e+00   0.0000000e+00
   1.7694281e+00   0.0000000e+00
   1.8762303e+00   0.0000000e+00
   1.9894790e+00   0.0000000e+00
   2.1095634e+00   0.0000000e+00
   2.2368961e+00   0.0000000e+00
   2.3719145e+00   0.0000000e+00
   2.5150826e+00   0.0000000e+00
   2.6668923e+00   0.0000000e+00
   2.8278652e+00   0.0000000e+00
   2.9985544e+00   0.0000000e+00
   3.1795463e+00   0.0000000e+00
   3.3714628e+00   0.0000000e+00
   3.5749634e+00   0.0000000e+00
   3.7907472e+00   0.0000000e+00
   4.0195557e+00   0.0000000e+00
   4.2621749e+00   0.0000000e+00
   4.5194386e+00   0.0000000e+00
   4.7922307e+00   0.0000000e+00
   5.0814884e+00   0.0000000e+00
   5.3882057e+00   0.0000000e+00
   5.7134363e+00   2.2481507e+02
   6.0582977e+00   2.2078595e+02
   6.4239749e+00   2.1391387e+02
   6.8117243e+00   1.9723925e+02
   7.2228781e+00   1.8067875e+02
   7.6588490e+00   1.7150864e+02
   8.1211351e+00   1.6700850e+02
   8.6113245e+00   1.6297913e+02
   9.1311017e+00   1.5914478e+02
   9.6822525e+00   1.5516197e+02
   1.0266671e+01   1.4815629e+02
   1.0886364e+01   1.3831483e+02
   1.1543462e+01   1.3392234e+02
   1.2240222e+01   1.2979904e+02
   1.2979039e+01   1.2592095e+02
   1.3762450e+01   1.2287949e+02
   1.4593147e+01   1.2133080e+02
   1.5473986e+01   1.1878296e+02
   1.6407991e+01   1.1484878e+02
   1.7398373e+01   1.2501988e+02
   1.8448534e+01   1.5242706e+02
   1.9562083e+01   1.2621621e+02
   2.0742845e+01   1.9281480e+02
   2.1994877e+01   1.2846530e+02
   2.3322482e+01   1.3233014e+02
   2.4730220e+01   1.6537970e+02
   2.6222930e+01   2.0132340e+02
