   8.2592574e-01   1.3241641e+03
   8.7577839e-01   1.2930372e+03
   9.2864014e-01   1.2606888e+03
   9.8469260e-01   1.2271193e+03
   1.0441284e+00   1.1923364e+03
   1.1071517e+00   1.1563572e+03
   1.1739790e+00   1.1192083e+03
   1.2448401e+00   1.0809280e+03
   1.3199783e+00   1.0415675e+03
   1.3996518e+00   1.0011922e+03
   1.4841344e+00   9.5988329e+02
   1.5737164e+00   9.1773958e+02
   1.6687055e+00   8.7487901e+02
   1.7694281e+00   8.3144025e+02
   1.8762303e+00   7.8758425e+02
   1.9894790e+00   7.4349568e+02
   2.1095634e+00   6.9938410e+02
   2.2368961e+00   6.5548476e+02
   2.3719145e+00   6.1205896e+02
   2.5150826e+00   5.6939372e+02
   2.6668923e+00   5.2780056e+02
   2.8278652e+00   4.8761302e+02
   2.9985544e+00   4.4918271e+02
   3.1795463e+00   4.1287326e+02
   3.3714628e+00   3.7905185e+02
   3.5749634e+00   3.4807735e+02
   3.7907472e+00   3.2028450e+02
   4.0195557e+00   2.9596293e+02
   4.2621749e+00   2.7532994e+02
   4.5194386e+00   2.5849528e+02
   4.7922307e+00   2.4541631e+02
   5.0814884e+00   2.3584119e+02
   5.3882057e+00   2.2923727e+02
   5.7134363e+00   2.2470154e+02
   6.0582977e+00   2.2084896e+02
   6.4239749e+00   2.1476445e+02
   6.8117243e+00   1.9739059e+02
   7.2228781e+00   1.8022463e+02
   7.6588490e+00   1.7132113e+02
   8.1211351e+00   1.6699962e+02
   8.6113245e+00   1.6296938e+02
   9.1311017e+00   1.5914189e+02
   9.6822525e+00   1.5539918e+02
   1.0266671e+01   1.4823619e+02
   1.0886364e+01   1.3765961e+02
   1.1543462e+01   1.3406509e+02
   1.2240222e+01   1.2970543e+02
   1.2979039e+01   1.2582816e+02
   1.3762450e+01   1.2261290e+02
   1.4593147e+01   1.2144233e+02
   1.5473986e+01   1.1920350e+02
   1.6407991e+01   1.1386312e+02
   1.7398373e+01   1.2028190e+02
   1.8448534e+01   1.6210859e+02
   1.9562083e+01   1.1508169e+02
   2.0742845e+01   2.0166567e+02
   2.1994877e+01   1.2847984e+02
   2.3322482e+01   1.2866276e+02
   2.4730220e+01   1.6546368e+02
   2.6222930e+01   2.0132340e+02
