   8.2592574e-01   7.9088837e+02
   8.7577839e-01   7.8627315e+02
   9.2864014e-01   7.8257267e+02
   9.8469260e-01   7.7411729e+02
   1.0441284e+00   7.2370003e+02
   1.1071517e+00   6.8187851e+02
   1.1739790e+00   6.3097876e+02
   1.2448401e+00   5.7222447e+02
   1.3199783e+00   5.4628231e+02
   1.3996518e+00   5.2223975e+02
   1.4841344e+00   4.7765281e+02
   1.5737164e+00   4.4702170e+02
   1.6687055e+00   3.9770431e+02
   1.7694281e+00   3.6948085e+02
   1.8762303e+00   3.4388218e+02
   1.9894790e+00   3.2127226e+02
   2.1095634e+00   3.1148278e+02
   2.2368961e+00   3.0306999e+02
   2.3719145e+00   3.0552271e+02
   2.5150826e+00   2.8493462e+02
   2.6668923e+00   2.7729346e+02
   2.8278652e+00   2.7120333e+02
   2.9985544e+00   2.6877258e+02
   3.1795463e+00   2.6439860e+02
   3.3714628e+00   2.5723709e+02
   3.5749634e+00   2.5326887e+02
   3.7907472e+00   2.4742788e+02
   4.0195557e+00   2.4103027e+02
   4.2621749e+00   2.3607263e+02
   4.5194386e+00   2.2790741e+02
   4.7922307e+00   2.2560223e+02
   5.0814884e+00   2.1475164e+02
   5.3882057e+00   2.0322070e+02
   5.7134363e+00   2.0424306e+02
   6.0582977e+00   2.0091743e+02
   6.4239749e+00   1.9183410e+02
   6.8117243e+00   1.8954798e+02
   7.2228781e+00   1.8558501e+02
   7.6588490e+00   1.8059713e+02
   8.1211351e+00   1.8096642e+02
   8.6113245e+00   1.7215572e+02
   9.1311017e+00   1.6483688e+02
   9.6822525e+00   1.5841487e+02
   1.0266671e+01   1.5373906e+02
   1.0886364e+01   1.5499452e+02
   1.1543462e+01   1.5345551e+02
   1.2240222e+01   1.5064546e+02
   1.2979039e+01   1.4771315e+02
   1.3762450e+01   1.4516899e+02
   1.4593147e+01   1.4265881e+02
   1.5473986e+01   1.4026602e+02
   1.6407991e+01   1.3792367e+02
   1.7398373e+01   1.3516414e+02
   1.8448534e+01   1.3220484e+02
   1.9562083e+01   1.2879004e+02
   2.0742845e+01   1.2542328e+02
   2.1994877e+01   1.2253742e+02
   2.3322482e+01   1.1919196e+02
   2.4730220e+01   1.1567426e+02
   2.6222930e+01   1.1207575e+02
