   8.2592574e-01   7.9088837e+02
   8.7577839e-01   7.8640685e+02
   9.2864014e-01   7.8199265e+02
   9.8469260e-01   7.7181762e+02
   1.0441284e+00   7.2512417e+02
   1.1071517e+00   6.8085606e+02
   1.1739790e+00   6.3079327e+02
   1.2448401e+00   5.7635564e+02
   1.3199783e+00   5.4629564e+02
   1.3996518e+00   5.1983317e+02
   1.4841344e+00   4.7988323e+02
   1.5737164e+00   4.4502247e+02
   1.6687055e+00   3.9981672e+02
   1.7694281e+00   3.7078722e+02
   1.8762303e+00   3.4343419e+02
   1.9894790e+00   3.2294667e+02
   2.1095634e+00   3.1137644e+02
   2.2368961e+00   3.0393557e+02
   2.3719145e+00   3.0473188e+02
   2.5150826e+00   2.8502600e+02
   2.6668923e+00   2.7726045e+02
   2.8278652e+00   2.7135778e+02
   2.9985544e+00   2.6859484e+02
   3.1795463e+00   2.6430698e+02
   3.3714628e+00   2.5755578e+02
   3.5749634e+00   2.5302690e+02
   3.7907472e+00   2.4748514e+02
   4.0195557e+00   2.4120299e+02
   4.2621749e+00   2.3569503e+02
   4.5194386e+00   2.2874828e+02
   4.7922307e+00   2.2461189e+02
   5.0814884e+00   2.1451721e+02
   5.3882057e+00   2.0485388e+02
   5.7134363e+00   2.0390132e+02
   6.0582977e+00   2.0023836e+02
   6.4239749e+00   1.9238170e+02
   6.8117243e+00   1.8959691e+02
   7.2228781e+00   1.8541611e+02
   7.6588490e+00   1.8082301e+02
   8.1211351e+00   1.8090654e+02
   8.6113245e+00   1.7223879e+02
   9.1311017e+00   1.6483481e+02
   9.6822525e+00   1.5859706e+02
   1.0266671e+01   1.5412079e+02
   1.0886364e+01   1.5466992e+02
   1.1543462e+01   1.5338609e+02
   1.2240222e+01   1.5066191e+02
   1.2979039e+01   1.4777573e+02
   1.3762450e+01   1.4518566e+02
   1.4593147e+01   1.4268945e+02
   1.5473986e+01   1.4029014e+02
   1.6407991e+01   1.3789371e+02
   1.7398373e+01   1.3515797e+02
   1.8448534e+01   1.3218224e+02
   1.9562083e+01   1.2879547e+02
   2.0742845e+01   1.2548362e+02
   2.1994877e+01   1.2252628e+02
   2.3322482e+01   1.1918893e+02
   2.4730220e+01   1.1567334e+02
   2.6222930e+01   1.1207575e+02
