   8.2592574e-01   1.1671841e+03
   8.7577839e-01   1.0463709e+03
   9.2864014e-01   9.5290185e+02
   9.8469260e-01   8.7517361e+02
   1.0441284e+00   8.0319458e+02
   1.1071517e+00   7.2978628e+02
   1.1739790e+00   6.6157597e+02
   1.2448401e+00   6.0421292e+02
   1.3199783e+00   5.5719501e+02
   1.3996518e+00   5.1766473e+02
   1.4841344e+00   4.7666115e+02
   1.5737164e+00   4.3671596e+02
   1.6687055e+00   4.0242888e+02
   1.7694281e+00   3.7479386e+02
   1.8762303e+00   3.5332936e+02
   1.9894790e+00   3.3580072e+02
   2.1095634e+00   3.2043498e+02
   2.2368961e+00   3.0795383e+02
   2.3719145e+00   2.9843464e+02
   2.5150826e+00   2.9048796e+02
   2.6668923e+00   2.8347803e+02
   2.8278652e+00   2.7640152e+02
   2.9985544e+00   2.7039127e+02
   3.1795463e+00   2.6424450e+02
   3.3714628e+00   2.5756537e+02
   3.5749634e+00   2.5178733e+02
   3.7907472e+00   2.4696261e+02
   4.0195557e+00   2.4300773e+02
   4.2621749e+00   2.3945815e+02
   4.5194386e+00   2.3523007e+02
   4.7922307e+00   2.2927324e+02
   5.0814884e+00   2.2227049e+02
   5.3882057e+00   2.1847051e+02
   5.7134363e+00   2.1462282e+02
   6.0582977e+00   2.0731262e+02
   6.4239749e+00   2.0252486e+02
   6.8117243e+00   1.9728337e+02
   7.2228781e+00   1.9212571e+02
   7.6588490e+00   1.8803992e+02
   8.1211351e+00   1.8325474e+02
   8.6113245e+00   1.7889815e+02
   9.1311017e+00   1.7473854e+02
   9.6822525e+00   1.7018611e+02
   1.0266671e+01   1.6555589e+02
   1.0886364e+01   1.6151751e+02
   1.1543462e+01   1.5756431e+02
   1.2240222e+01   1.5335500e+02
   1.2979039e+01   1.4895592e+02
   1.3762450e+01   1.4528404e+02
   1.4593147e+01   1.4241883e+02
   1.5473986e+01   1.3932412e+02
   1.6407991e+01   1.3615198e+02
   1.7398373e+01   1.3352914e+02
   1.8448534e+01   1.3206301e+02
   1.9562083e+01   1.3168125e+02
   2.0742845e+01   1.3159164e+02
   2.1994877e+01   1.3151254e+02
   2.3322482e+01   1.3140334e+02
   2.4730220e+01   1.3121052e+02
   2.6222930e+01   1.3086160e+02
