   8.2592574e-01   1.1671841e+03
   8.7577839e-01   1.0470262e+03
   9.2864014e-01   9.5362788e+02
   9.8469260e-01   8.7562117e+02
   1.0441284e+00   8.0335781e+02
   1.1071517e+00   7.3071463e+02
   1.1739790e+00   6.6299431e+02
   1.2448401e+00   6.0560624e+02
   1.3199783e+00   5.5827162e+02
   1.3996518e+00   5.1768248e+02
   1.4841344e+00   4.7703183e+02
   1.5737164e+00   4.3760859e+02
   1.6687055e+00   4.0334615e+02
   1.7694281e+00   3.7559841e+02
   1.8762303e+00   3.5383449e+02
   1.9894790e+00   3.3606108e+02
   2.1095634e+00   3.2067797e+02
   2.2368961e+00   3.0816368e+02
   2.3719145e+00   2.9851867e+02
   2.5150826e+00   2.9051314e+02
   2.6668923e+00   2.8348062e+02
   2.8278652e+00   2.7644721e+02
   2.9985544e+00   2.7038181e+02
   3.1795463e+00   2.6424397e+02
   3.3714628e+00   2.5768001e+02
   3.5749634e+00   2.5189630e+02
   3.7907472e+00   2.4707413e+02
   4.0195557e+00   2.4306849e+02
   4.2621749e+00   2.3940284e+02
   4.5194386e+00   2.3505987e+02
   4.7922307e+00   2.2916919e+02
   5.0814884e+00   2.2268386e+02
   5.3882057e+00   2.1856099e+02
   5.7134363e+00   2.1423367e+02
   6.0582977e+00   2.0755132e+02
   6.4239749e+00   2.0257737e+02
   6.8117243e+00   1.9725549e+02
   7.2228781e+00   1.9221303e+02
   7.6588490e+00   1.8802892e+02
   8.1211351e+00   1.8325761e+02
   8.6113245e+00   1.7890069e+02
   9.1311017e+00   1.7473114e+02
   9.6822525e+00   1.7020574e+02
   1.0266671e+01   1.6561673e+02
   1.0886364e+01   1.6153536e+02
   1.1543462e+01   1.5755821e+02
   1.2240222e+01   1.5336314e+02
   1.2979039e+01   1.4906973e+02
   1.3762450e+01   1.4539906e+02
   1.4593147e+01   1.4240541e+02
   1.5473986e+01   1.3933023e+02
   1.6407991e+01   1.3622933e+02
   1.7398373e+01   1.3365879e+02
   1.8448534e+01   1.3218585e+02
   1.9562083e+01   1.3171409e+02
   2.0742845e+01   1.3159310e+02
   2.1994877e+01   1.3151167e+02
   2.3322482e+01   0.0000000e+00
   2.4730220e+01   0.0000000e+00
   2.6222930e+01   0.0000000e+00
