   8.2592574e-01   1.1254029e+03
   8.7577839e-01   1.0559291e+03
   9.2864014e-01   9.5799767e+02
   9.8469260e-01   8.7777697e+02
   1.0441284e+00   8.1475902e+02
   1.1071517e+00   7.2337846e+02
   1.1739790e+00   5.6984561e+02
   1.2448401e+00   5.6218824e+02
   1.3199783e+00   5.3727417e+02
   1.3996518e+00   5.2309199e+02
   1.4841344e+00   4.7471412e+02
   1.5737164e+00   4.3767134e+02
   1.6687055e+00   4.0041435e+02
   1.7694281e+00   3.6634217e+02
   1.8762303e+00   3.4621026e+02
   1.9894790e+00   3.3252117e+02
   2.1095634e+00   3.2718385e+02
   2.2368961e+00   3.1498441e+02
   2.3719145e+00   3.2516487e+02
   2.5150826e+00   3.2322208e+02
   2.6668923e+00   3.2816507e+02
   2.8278652e+00   3.2487185e+02
   2.9985544e+00   3.0166999e+02
   3.1795463e+00   3.0675872e+02
   3.3714628e+00   3.0209200e+02
   3.5749634e+00   3.0729278e+02
   3.7907472e+00   2.7083288e+02
   4.0195557e+00   2.7706984e+02
   4.2621749e+00   2.6798810e+02
   4.5194386e+00   2.4912131e+02
   4.7922307e+00   2.3482649e+02
   5.0814884e+00   2.3499081e+02
   5.3882057e+00   2.2781114e+02
   5.7134363e+00   2.2141308e+02
   6.0582977e+00   2.2338802e+02
   6.4239749e+00   2.2217735e+02
   6.8117243e+00   2.0955159e+02
   7.2228781e+00   2.0634297e+02
   7.6588490e+00   2.0081179e+02
   8.1211351e+00   2.0034487e+02
   8.6113245e+00   1.9550302e+02
   9.1311017e+00   1.9395129e+02
   9.6822525e+00   1.8865100e+02
   1.0266671e+01   1.9572243e+02
   1.0886364e+01   2.4534484e+02
   1.1543462e+01   3.7853379e+02
   1.2240222e+01   6.4994557e+02
   1.2979039e+01   1.1313162e+03
   1.3762450e+01   1.9156690e+03
   1.4593147e+01   3.1224531e+03
   1.5473986e+01   4.9038054e+03
   1.6407991e+01   7.4521719e+03
   1.7398373e+01   1.1009568e+04
   1.8448534e+01   1.5878812e+04
   1.9562083e+01   2.2437146e+04
   2.0742845e+01   3.1152715e+04
   2.1994877e+01   4.2604504e+04
   2.3322482e+01   5.7506414e+04
   2.4730220e+01   7.6736328e+04
   2.6222930e+01   1.0137116e+05
