   8.2592574e-01   1.1254029e+03
   8.7577839e-01   1.0553383e+03
   9.2864014e-01   9.5930792e+02
   9.8469260e-01   8.7922977e+02
   1.0441284e+00   8.1096604e+02
   1.1071517e+00   7.2073916e+02
   1.1739790e+00   5.8533364e+02
   1.2448401e+00   5.5893156e+02
   1.3199783e+00   5.3893707e+02
   1.3996518e+00   5.1884880e+02
   1.4841344e+00   4.7669473e+02
   1.5737164e+00   4.3784680e+02
   1.6687055e+00   4.0081864e+02
   1.7694281e+00   3.6801604e+02
   1.8762303e+00   3.4695094e+02
   1.9894790e+00   3.3335948e+02
   2.1095634e+00   3.2663606e+02
   2.2368961e+00   3.1613517e+02
   2.3719145e+00   3.2494946e+02
   2.5150826e+00   3.2322245e+02
   2.6668923e+00   3.2801005e+02
   2.8278652e+00   3.2462510e+02
   2.9985544e+00   3.0301415e+02
   3.1795463e+00   3.0618766e+02
   3.3714628e+00   3.0229661e+02
   3.5749634e+00   3.0383618e+02
   3.7907472e+00   2.7584010e+02
   4.0195557e+00   2.7479363e+02
   4.2621749e+00   2.6704917e+02
   4.5194386e+00   2.4977616e+02
   4.7922307e+00   2.3674154e+02
   5.0814884e+00   2.3412240e+02
   5.3882057e+00   2.2772114e+02
   5.7134363e+00   2.2245842e+02
   6.0582977e+00   2.2324270e+02
   6.4239749e+00   2.2114764e+02
   6.8117243e+00   2.1007147e+02
   7.2228781e+00   2.0636819e+02
   7.6588490e+00   2.0092764e+02
   8.1211351e+00   2.0032178e+02
   8.6113245e+00   1.9557395e+02
   9.1311017e+00   1.9379701e+02
   9.6822525e+00   1.8959409e+02
   1.0266671e+01   0.0000000e+00
   1.0886364e+01   0.0000000e+00
   1.1543462e+01   0.0000000e+00
   1.2240222e+01   0.0000000e+00
   1.2979039e+01   0.0000000e+00
   1.3762450e+01   0.0000000e+00
   1.4593147e+01   0.0000000e+00
   1.5473986e+01   0.0000000e+00
   1.6407991e+01   0.0000000e+00
   1.7398373e+01   0.0000000e+00
   1.8448534e+01   0.0000000e+00
   1.9562083e+01   0.0000000e+00
   2.0742845e+01   0.0000000e+00
   2.1994877e+01   0.0000000e+00
   2.3322482e+01   0.0000000e+00
   2.4730220e+01   0.0000000e+00
   2.6222930e+01   0.0000000e+00
