   8.2592574e-01   1.0528993e+03
   8.7577839e-01   9.3293739e+02
   9.2864014e-01   8.5007273e+02
   9.8469260e-01   8.0226485e+02
   1.0441284e+00   7.4509546e+02
   1.1071517e+00   6.7463230e+02
   1.1739790e+00   6.2750999e+02
   1.2448401e+00   5.8854079e+02
   1.3199783e+00   5.5827493e+02
   1.3996518e+00   5.1933322e+02
   1.4841344e+00   4.6846921e+02
   1.5737164e+00   4.3261705e+02
   1.6687055e+00   4.0262762e+02
   1.7694281e+00   3.8059860e+02
   1.8762303e+00   3.5087936e+02
   1.9894790e+00   3.3326855e+02
   2.1095634e+00   3.2529732e+02
   2.2368961e+00   3.1511774e+02
   2.3719145e+00   3.0752958e+02
   2.5150826e+00   3.0062924e+02
   2.6668923e+00   2.9603129e+02
   2.8278652e+00   2.9107733e+02
   2.9985544e+00   2.8250864e+02
   3.1795463e+00   2.7831807e+02
   3.3714628e+00   2.7050969e+02
   3.5749634e+00   2.6789336e+02
   3.7907472e+00   2.5866804e+02
   4.0195557e+00   2.5334367e+02
   4.2621749e+00   2.4202324e+02
   4.5194386e+00   2.3628518e+02
   4.7922307e+00   2.2945504e+02
   5.0814884e+00   2.2264892e+02
   5.3882057e+00   2.1778094e+02
   5.7134363e+00   2.1428518e+02
   6.0582977e+00   2.1017948e+02
   6.4239749e+00   2.0522197e+02
   6.8117243e+00   1.9633071e+02
   7.2228781e+00   1.9343342e+02
   7.6588490e+00   1.8821336e+02
   8.1211351e+00   1.7902002e+02
   8.6113245e+00   1.7482607e+02
   9.1311017e+00   1.7278320e+02
   9.6822525e+00   1.6808906e+02
   1.0266671e+01   1.6395993e+02
   1.0886364e+01   1.5715999e+02
   1.1543462e+01   1.5236320e+02
   1.2240222e+01   1.4718806e+02
   1.2979039e+01   1.3851559e+02
   1.3762450e+01   1.3569616e+02
   1.4593147e+01   1.3385174e+02
   1.5473986e+01   1.3148306e+02
   1.6407991e+01   1.2990438e+02
   1.7398373e+01   1.2642898e+02
   1.8448534e+01   1.3014544e+02
   1.9562083e+01   1.2217803e+02
   2.0742845e+01   1.2980496e+02
   2.1994877e+01   1.2137152e+02
   2.3322482e+01   1.1815764e+02
   2.4730220e+01   1.2479548e+02
   2.6222930e+01   1.2823709e+02
