   8.2592574e-01   1.0528993e+03
   8.7329831e-01   9.3799003e+02
   9.2338802e-01   8.5610651e+02
   9.7635072e-01   8.0880206e+02
   1.0323512e+00   7.5844229e+02
   1.0915637e+00   6.8968140e+02
   1.1541724e+00   6.3972722e+02
   1.2203722e+00   6.0139555e+02
   1.2903690e+00   5.6815402e+02
   1.3643806e+00   5.4102236e+02
   1.4426373e+00   4.9027482e+02
   1.5253826e+00   4.5132655e+02
   1.6128738e+00   4.1883388e+02
   1.7053833e+00   3.9395770e+02
   1.8031989e+00   3.7247620e+02
   1.9066248e+00   3.4327394e+02
   2.0159830e+00   3.3169055e+02
   2.1316136e+00   3.2356753e+02
   2.2538764e+00   3.1392499e+02
   2.3831518e+00   3.0698127e+02
   2.5198421e+00   3.0043352e+02
   2.6643725e+00   2.9608872e+02
   2.8171927e+00   2.9159366e+02
   2.9787783e+00   2.8311158e+02
   3.1496318e+00   2.7956744e+02
   3.3302851e+00   2.7108792e+02
   3.5213000e+00   2.7003058e+02
   3.7232709e+00   2.5999119e+02
   3.9368263e+00   2.5714100e+02
   4.1626306e+00   2.4505775e+02
   4.4013863e+00   2.3965728e+02
   4.6538363e+00   2.3211431e+02
   4.9207661e+00   2.2714227e+02
   5.2030061e+00   2.1959197e+02
   5.5014346e+00   2.1711760e+02
   5.8169800e+00   2.1274003e+02
   6.1506241e+00   2.0925048e+02
   6.5034050e+00   2.0356528e+02
   6.8764204e+00   1.9526520e+02
   7.2708308e+00   1.9322069e+02
   7.6878633e+00   1.8765468e+02
   8.1288155e+00   1.7889887e+02
   8.5950595e+00   1.7488679e+02
   9.0880457e+00   1.7306576e+02
   9.6093081e+00   1.6863313e+02
   1.0160469e+01   1.6490799e+02
   1.0743242e+01   1.5871083e+02
   1.1359441e+01   1.5323005e+02
   1.2010984e+01   1.4977853e+02
   1.2699897e+01   1.4108502e+02
   1.3428324e+01   1.3637951e+02
   1.4198532e+01   1.3498320e+02
   1.5012916e+01   1.3251100e+02
   1.5874011e+01   1.3084956e+02
   1.6784495e+01   1.2877419e+02
   1.7747202e+01   1.2644117e+02
   1.8765127e+01   1.3016625e+02
   1.9841437e+01   1.2096488e+02
   2.0979481e+01   1.3120087e+02
   2.2182800e+01   1.1926818e+02
   2.3455137e+01   1.1874392e+02
   2.4800452e+01   1.2509582e+02
   2.6222930e+01   1.2823709e+02
