   8.2592574e-01   1.0528993e+03
   8.7577839e-01   9.3393574e+02
   9.2864014e-01   8.5141550e+02
   9.8469260e-01   8.0130043e+02
   1.0441284e+00   7.4476597e+02
   1.1071517e+00   6.7724408e+02
   1.1739790e+00   6.2825860e+02
   1.2448401e+00   5.8977574e+02
   1.3199783e+00   5.5729966e+02
   1.3996518e+00   5.1814986e+02
   1.4841344e+00   4.7074209e+02
   1.5737164e+00   4.3337625e+02
   1.6687055e+00   4.0382053e+02
   1.7694281e+00   3.7989269e+02
   1.8762303e+00   3.5185583e+02
   1.9894790e+00   3.3449790e+02
   2.1095634e+00   3.2511655e+02
   2.2368961e+00   3.1526418e+02
   2.3719145e+00   3.0758485e+02
   2.5150826e+00   3.0066151e+02
   2.6668923e+00   2.9601460e+02
   2.8278652e+00   2.9103343e+02
   2.9985544e+00   2.8270135e+02
   3.1795463e+00   2.7816331e+02
   3.3714628e+00   2.7085999e+02
   3.5749634e+00   2.6736313e+02
   3.7907472e+00   2.5909063e+02
   4.0195557e+00   2.5271399e+02
   4.2621749e+00   2.4280614e+02
   4.5194386e+00   2.3612998e+02
   4.7922307e+00   2.2953647e+02
   5.0814884e+00   2.2284273e+02
   5.3882057e+00   2.1805642e+02
   5.7134363e+00   2.1417650e+02
   6.0582977e+00   2.1021611e+02
   6.4239749e+00   2.0484532e+02
   6.8117243e+00   1.9670478e+02
   7.2228781e+00   1.9346927e+02
   7.6588490e+00   1.8804193e+02
   8.1211351e+00   1.7905138e+02
   8.6113245e+00   1.7482671e+02
   9.1311017e+00   1.7269963e+02
   9.6822525e+00   1.6814012e+02
   1.0266671e+01   1.6377864e+02
   1.0886364e+01   1.5743783e+02
   1.1543462e+01   1.5225521e+02
   1.2240222e+01   1.4688573e+02
   1.2979039e+01   1.3928181e+02
   1.3762450e+01   1.3577378e+02
   1.4593147e+01   1.3378528e+02
   1.5473986e+01   1.3162138e+02
   1.6407991e+01   1.2963240e+02
   1.7398373e+01   1.2728652e+02
   1.8448534e+01   1.2900769e+02
   1.9562083e+01   1.2335308e+02
   2.0742845e+01   1.2907247e+02
   2.1994877e+01   1.2113172e+02
   2.3322482e+01   1.1879858e+02
   2.4730220e+01   1.2476422e+02
   2.6222930e+01   1.2823709e+02
